start=217.258418
volume=60.000000
fullscreen=no
