start=25.749756
volume=50.000000
