start=70.661000
volume=85.000000
fullscreen=no
aid=2
sid=2
