start=170.640000
volume=80.000000
fullscreen=no
