start=0.375000
volume=65.000000
fullscreen=no
aid=1
