start=23.417154
volume=45.000000
fullscreen=no
