start=12.783144
volume=45.000000
