start=10.740012
pause=yes
volume=45.000000
