start=168.877000
volume=45.000000
fullscreen=no
aid=3
sid=2
