start=130.097735
volume=80.000000
fullscreen=no
