start=4979.839779
pause=yes
volume=75.000000
fullscreen=no
aid=2
sid=3
