start=4.294412
volume=40.000000
fullscreen=no
