start=25.800567
volume=40.000000
