start=7398.016000
pause=yes
volume=80.000000
fullscreen=no
aid=1
sid=1
