start=692.324967
volume=20.000000
