start=19.915700
volume=50.000000
