start=262.512000
audio-delay=-0.000000
fullscreen=no
sid=1
