start=1168.376000
pause=yes
volume=65.000000
fullscreen=no
aid=3
sid=1
