start=137.453942
volume=70.000000
fullscreen=no
